51,3
46,5
44,5
39,4
51,1
51,4
32,4
50,5
36,5
38,5
34,4
56,52
56,51
56,50
56,49
56,48
56,47
56,46
56,45
56,44
56,43
56,42
56,41
56,40
56,39
56,38
56,37
56,36
46,1
46,3
44,1
44,3
39,1
39,3
32,1
32,3
50,1
50,3
36,1
36,3
38,1
38,3
34,1
34,3
56,35
0,273
0,270
3,1
3,3
10,6
10,22
10,110
10,32
10,262
10,166
10,202
8,17
8,10
8,7
8,8
8,5
47,7
47,6
47,5
47,4
47,3
47,2
47,1
47,0
29,3
29,1
20,3
20,2
20,1
19,2
12,3
19,1
12,2
19,3
12,1
11,29
11,28
11,27
11,26
11,25
11,24
11,23
11,22
11,21
11,20
11,18
11,16
11,14
11,12
11,10
11,8
11,6
11,4
11,3
11,2
11,1
10,313
10,312
10,311
10,310
10,309
10,308
10,307
10,306
10,305
10,304
10,303
10,302
10,301
10,300
10,299
10,298
10,297
10,296
10,295
10,294
10,293
10,292
10,291
